          61
          60
         146
         140
     1176004
        1102
         120
           8
           5
           6
           7
          39
          19
           1
-1
-1
125
32 0 0 0
33 0 0 54
34 0 0 0
35 0 1 0
36 0 0 0
37 0 0 0
38 0 0 0
39 0 0 22
40 0 2 26
41 0 0 29
42 0 0 32
43 0 0 35
44 0 0 39
45 0 3 43
46 0 0 45
47 0 0 48
48 0 0 0
49 0 0 0
50 0 0 0
51 0 0 0
52 0 0 0
53 0 0 0
54 0 0 0
55 0 0 0
56 0 0 0
57 0 0 0
58 0 0 30
59 0 0 34
60 0 5 36
61 0 0 42
62 0 8 44
63 0 0 0
64 0 0 0
65 0 0 0
66 0 0 0
67 0 0 0
68 0 0 0
69 0 0 0
70 0 0 0
71 0 0 0
72 0 0 0
73 0 0 0
74 0 0 0
75 0 0 0
76 0 0 0
77 0 0 0
78 0 0 0
79 0 0 0
80 0 0 0
81 0 0 0
82 0 0 0
83 0 0 0
84 0 0 0
85 0 0 0
86 0 0 0
87 0 0 0
88 0 0 0
89 0 0 0
90 0 0 0
91 0 9 24
92 0 0 0
93 0 0 31
94 0 0 0
95 0 10 0
96 0 0 0
97 0 39 0
98 0 52 47
99 0 56 0
100 0 69 0
101 0 75 0
102 0 0 0
103 0 83 0
104 0 0 0
105 0 86 0
106 0 0 0
107 0 0 0
108 0 92 23
109 0 0 0
110 0 0 0
111 0 96 0
112 0 102 0
113 0 0 0
114 0 113 0
115 0 0 0
116 0 118 0
117 0 0 0
118 0 0 0
119 0 0 56
120 0 0 0
121 0 0 0
122 0 0 0
123 0 0 19
124 0 0 20
125 0 0 0
126 0 0 0
32 0 0 0
41 0 0 59
35 0 0 41
45 4 0 3
62 0 0 12
60 6 0 2
61 7 0 53
62 0 0 55
61 0 0 10
93 0 0 57
69 11 29 0
78 12 25 0
75 13 20 0
83 0 14 0
84 0 15 0
82 0 16 0
73 0 17 0
78 0 18 0
71 0 19 0
95 0 0 0
79 0 21 0
78 0 22 0
83 0 23 0
84 0 24 0
95 0 0 0
65 0 26 0
77 0 27 0
69 0 28 0
95 0 0 0
77 30 35 0
82 0 31 0
82 0 32 0
79 0 33 0
82 0 34 0
95 0 0 0
80 0 36 0
84 0 37 0
89 0 38 0
95 0 0 0
115 40 44 0
98 0 41 0
111 0 42 0
118 0 43 0
101 0 0 52
109 0 45 0
99 0 46 0
111 0 47 0
109 0 48 0
109 0 49 0
101 0 50 0
110 0 51 0
116 0 0 40
101 0 53 0
108 0 54 0
111 0 55 0
119 0 0 51
108 57 66 0
111 58 61 0
97 0 59 0
108 0 60 0
108 0 0 58
100 62 65 0
110 0 63 0
115 0 64 0
116 0 0 18
101 0 0 16
101 0 67 0
97 0 68 0
114 0 0 13
111 70 0 27
101 0 71 0
102 0 72 0
105 0 73 0
110 0 74 0
101 0 0 28
108 76 81 0
120 0 77 0
116 0 78 0
101 0 79 0
110 0 80 0
100 0 0 14
115 0 82 0
101 0 0 11
111 0 84 0
116 0 85 0
111 0 0 38
110 87 88 0
102 0 0 50
115 0 89 0
105 0 90 0
100 0 91 0
101 0 0 9
97 0 93 0
98 0 94 0
101 0 95 0
108 0 0 37
117 0 97 0
116 0 98 0
115 0 99 0
105 0 100 0
100 0 101 0
101 0 0 33
117 103 108 0
111 0 104 0
112 0 105 46
97 0 106 0
108 0 107 0
108 0 0 25
115 0 109 0
104 0 110 17
97 0 111 0
108 0 112 0
108 0 0 49
101 0 114 0
116 0 115 0
117 0 116 0
114 0 117 0
110 0 0 21
104 0 119 0
101 0 120 0
110 0 0 15
0 852 1 0 0
0 852 1 0 1
0 849 1 0 1
0 846 1 0 1
0 843 1 0 1
0 840 1 0 1
0 832 1 0 1
0 818 1 0 1
0 809 1 0 1
0 799 1 0 1
0 793 1 0 1
0 786 1 0 1
0 779 1 0 1
0 775 1 0 1
0 769 1 0 1
0 759 1 0 1
0 751 1 0 1
0 747 1 0 1
0 739 1 0 1
0 730 1 0 1
0 725 1 0 1
0 682 1 0 1
0 678 1 0 1
0 675 1 0 1
0 669 1 0 1
0 664 1 0 1
0 659 1 0 1
0 655 1 0 1
0 651 1 0 1
0 647 1 0 1
0 643 1 0 1
0 639 1 0 1
0 634 1 0 1
0 630 1 0 1
0 626 1 0 1
0 622 1 0 1
0 618 1 0 1
0 614 1 0 1
0 610 1 0 1
0 607 1 0 1
0 604 1 0 1
0 436 1 0 1
0 433 1 0 1
0 425 1 0 1
0 417 1 0 1
0 412 1 0 1
0 407 1 0 1
0 400 1 0 1
0 368 1 0 1
0 363 1 0 1
0 358 1 0 1
0 353 1 0 1
0 348 1 0 1
0 343 1 0 1
0 338 1 0 1
0 333 1 0 1
0 328 1 0 1
0 323 1 0 1
0 318 1 0 1
0 312 1 0 1
0 293 1 0 1
0 286 1 0 1
0 270 1 0 1
0 253 1 0 1
0 248 1 0 1
0 243 1 0 1
0 238 1 0 1
0 233 1 0 1
0 228 1 0 1
0 223 1 0 1
0 217 1 0 1
0 211 1 0 1
0 203 1 0 1
0 194 1 0 1
0 184 1 0 1
0 169 1 0 1
0 157 1 0 1
0 151 1 0 1
0 145 1 0 1
0 139 1 0 1
0 133 1 0 1
0 127 1 0 1
0 114 1 0 1
0 107 1 0 1
0 99 1 0 1
0 92 1 0 1
0 87 1 0 1
88 90 1 146 2
0 89 1 43 0
0 1097 3 0 140
0 91 1 1 3
0 0 0 2 0
93 97 2 145 0
94 96 2 146 0
95 89 2 43 0
0 1095 6 0 138
0 1095 3 0 139
0 98 1 1 3
0 0 0 2 0
100 105 1 144 4
0 101 1 32 0
102 104 1 64 5
0 103 1 6 0
0 900 3 0 6
0 1093 3 1 137
0 106 1 1 3
0 0 0 2 0
108 112 2 143 0
109 111 2 144 0
110 101 2 32 0
0 1090 6 0 135
0 1090 3 0 136
0 113 1 1 3
0 0 0 2 0
115 125 2 142 0
116 119 2 73 0
93 117 2 145 0
102 118 1 64 5
0 923 3 1 20
0 120 1 35 6
121 123 1 62 7
0 122 1 5 0
0 868 3 0 4
108 124 2 143 0
0 1088 3 3 134
0 126 1 1 3
0 0 0 2 0
128 131 1 141 8
121 129 1 62 0
108 130 2 143 0
0 1086 3 1 133
0 132 1 1 3
0 0 0 2 0
134 137 2 140 0
135 136 2 73 0
93 117 2 145 0
0 1084 3 0 132
0 138 1 1 3
0 0 0 2 0
140 143 1 139 9
0 141 1 54 0
0 142 1 23 10
0 1082 3 1 131
0 144 1 1 3
0 0 0 2 0
146 149 1 138 11
0 147 1 54 0
0 148 1 56 12
0 1080 3 1 130
0 150 1 1 3
0 0 0 2 0
152 155 1 137 13
0 153 1 54 0
0 154 1 47 14
0 1078 3 1 129
0 156 1 1 3
0 0 0 2 0
158 167 1 136 15
159 166 1 137 0
160 165 1 138 0
161 164 1 139 0
0 162 1 54 0
163 154 1 47 16
141 148 1 56 0
0 1076 3 0 128
0 1076 3 0 127
0 1076 3 0 126
0 168 1 1 3
0 0 0 2 0
170 182 2 135 0
171 181 2 140 0
172 180 2 141 0
173 179 2 142 0
174 177 2 73 0
175 129 2 62 0
176 117 2 145 0
93 122 2 5 0
178 120 2 35 0
0 136 4 0 132
0 1074 3 0 125
0 1074 3 0 124
0 1074 3 0 123
0 183 1 1 3
0 0 0 2 0
185 192 2 134 0
186 191 2 136 0
187 166 2 137 0
188 165 2 138 0
189 164 2 139 0
190 162 2 54 0
0 1070 6 0 121
0 1070 3 0 122
0 193 1 1 3
0 0 0 2 0
195 201 1 133 17
121 196 1 62 0
0 197 1 24 18
170 198 2 135 0
0 199 1 31 19
185 200 2 134 0
0 1068 3 4 120
0 202 1 1 3
0 0 0 2 0
204 209 1 132 20
121 205 1 62 0
0 206 1 45 21
121 207 1 62 7
185 208 2 134 0
0 1066 3 3 119
0 210 1 1 3
0 0 0 2 0
212 215 1 131 22
121 213 1 62 0
185 214 2 134 0
0 1064 3 1 118
0 216 1 1 3
0 0 0 2 0
218 221 2 130 0
219 220 2 73 0
93 117 2 145 0
0 1062 3 0 117
0 222 1 1 3
0 0 0 2 0
224 226 1 129 23
0 225 1 57 0
0 1060 3 0 116
0 227 1 1 3
0 0 0 2 0
229 231 1 128 24
0 230 1 20 0
0 1058 3 0 115
0 232 1 1 3
0 0 0 2 0
234 236 1 127 25
0 235 1 32 0
0 1056 3 0 114
0 237 1 1 3
0 0 0 2 0
239 241 1 126 26
0 240 1 48 0
0 1054 3 0 113
0 242 1 1 3
0 0 0 2 0
244 246 1 125 27
0 245 1 43 0
0 1052 3 0 112
0 247 1 1 3
0 0 0 2 0
249 251 1 124 28
0 250 1 35 0
0 1050 3 0 111
0 252 1 1 3
0 0 0 2 0
254 268 1 123 29
255 267 1 124 0
256 266 1 125 0
257 265 1 126 0
258 264 1 127 0
259 263 1 128 0
260 250 1 35 0
261 245 1 43 0
262 240 1 48 0
229 235 1 32 0
0 1048 3 0 110
0 1048 3 0 109
0 1048 3 0 108
0 1048 3 0 107
0 1048 3 0 106
0 269 1 1 3
0 0 0 2 0
271 284 2 122 0
272 283 2 123 0
273 267 2 124 0
274 266 2 125 0
275 265 2 126 0
276 264 2 127 0
277 263 2 128 0
278 250 2 35 0
279 245 2 43 0
280 240 2 48 0
281 235 2 32 0
282 230 2 20 0
0 1046 6 0 104
0 1046 3 0 105
0 285 1 1 3
0 0 0 2 0
287 291 2 121 0
288 290 2 129 0
289 225 2 57 0
0 1044 6 0 102
0 1044 3 0 103
0 292 1 1 3
0 0 0 2 0
294 310 2 120 0
295 308 2 102 0
296 307 2 130 0
297 306 2 131 0
298 305 2 132 0
299 304 2 133 0
300 220 2 73 0
175 301 2 62 0
302 214 2 134 0
303 206 2 45 0
185 197 2 24 0
0 991 3 0 72
0 991 3 0 71
0 991 3 0 70
0 991 3 0 69
271 309 2 122 0
0 1042 3 1 101
0 311 1 1 3
0 0 0 2 0
313 316 2 119 0
295 314 2 102 0
287 315 2 121 0
0 1040 3 1 100
0 317 1 1 3
0 0 0 2 0
319 321 1 118 30
0 320 1 51 0
0 1038 3 0 99
0 322 1 1 3
0 0 0 2 0
324 326 1 117 31
0 325 1 52 0
0 1036 3 0 98
0 327 1 1 3
0 0 0 2 0
329 331 1 116 32
0 330 1 33 0
0 1034 3 0 97
0 332 1 1 3
0 0 0 2 0
334 336 1 115 33
0 335 1 9 0
0 1032 3 0 96
0 337 1 1 3
0 0 0 2 0
339 341 1 114 34
0 340 1 55 0
0 1030 3 0 95
0 342 1 1 3
0 0 0 2 0
344 346 1 113 35
0 345 1 10 0
0 1028 3 0 94
0 347 1 1 3
0 0 0 2 0
349 351 1 112 36
0 350 1 44 0
0 1026 3 0 93
0 352 1 1 3
0 0 0 2 0
354 356 1 111 37
0 355 1 53 0
0 1024 3 0 92
0 357 1 1 3
0 0 0 2 0
359 361 1 110 38
0 360 1 36 0
0 1022 3 0 91
0 362 1 1 3
0 0 0 2 0
364 366 1 109 39
0 365 1 42 0
0 1020 3 0 90
0 367 1 1 3
0 0 0 2 0
369 398 1 108 40
370 397 1 109 0
371 396 1 110 0
372 395 1 111 0
373 394 1 112 0
374 393 1 113 0
375 392 1 114 0
376 391 1 115 0
377 390 1 116 0
378 389 1 117 0
379 388 1 118 0
380 365 1 42 0
381 360 1 36 0
382 355 1 53 0
383 350 1 44 0
384 345 1 10 0
385 340 1 55 0
386 335 1 9 0
387 330 1 33 0
319 325 1 52 0
0 1018 3 0 89
0 1018 3 0 88
0 1018 3 0 87
0 1018 3 0 86
0 1018 3 0 85
0 1018 3 0 84
0 1018 3 0 83
0 1018 3 0 82
0 1018 3 0 81
0 1018 3 0 80
0 399 1 1 3
0 0 0 2 0
401 405 2 107 0
295 402 2 102 0
369 403 1 108 40
295 404 2 102 0
0 1016 3 2 79
0 406 1 1 3
0 0 0 2 0
408 410 1 106 41
121 409 1 62 0
0 1014 3 0 78
0 411 1 1 3
0 0 0 2 0
413 415 1 105 42
102 414 1 64 0
0 1012 3 0 77
0 416 1 1 3
0 0 0 2 0
418 423 2 104 0
419 422 2 105 0
420 414 2 64 0
421 103 2 6 0
0 1010 6 0 75
0 1010 3 0 76
0 424 1 1 3
0 0 0 2 0
426 428 2 103 0
295 427 2 102 0
0 1007 3 0 73
429 432 1 1 43
0 430 1 39 0
295 431 2 102 0
0 1007 3 2 74
0 0 0 2 0
295 434 2 102 0
0 435 1 1 3
0 0 0 2 0
437 602 1 101 44
0 438 1 11 0
439 600 2 77 0
440 588 2 80 0
441 587 2 81 0
442 586 2 82 0
443 585 2 83 0
444 555 2 84 0
445 554 2 85 0
446 553 2 86 0
447 552 2 87 0
448 551 2 88 0
449 550 2 89 0
450 549 2 90 0
451 548 2 91 0
452 547 2 92 0
453 546 2 93 0
454 545 2 94 0
455 544 2 95 0
456 543 2 96 0
457 542 2 97 0
458 541 2 98 0
459 539 2 63 0
460 536 2 119 0
461 514 2 26 0
462 512 2 38 0
463 510 2 58 0
464 508 2 37 0
465 504 2 17 0
466 500 2 46 0
467 498 2 21 0
468 496 2 14 0
469 494 2 13 0
470 493 2 49 0
471 492 2 25 0
472 488 2 40 0
473 486 2 5 0
474 314 2 102 0
475 307 2 130 0
476 306 2 131 0
477 305 2 132 0
478 304 2 133 0
479 220 2 73 0
480 301 2 62 0
481 117 2 145 0
482 1095 6 6 138
483 1095 6 64 138
484 96 2 146 0
485 89 2 43 0
0 945 6 0 30
487 672 4 30 5
0 122 4 0 4
489 491 1 65 45
0 490 1 7 0
0 904 3 0 7
0 983 3 1 63
0 981 3 0 62
0 979 3 0 61
295 495 2 102 0
0 977 3 1 60
295 497 2 102 0
0 975 3 1 59
418 499 2 104 0
0 973 3 1 58
501 502 2 103 0
295 427 2 102 0
503 430 2 39 0
0 1099 4 0 56
505 506 2 103 0
295 427 2 102 0
507 430 2 39 0
0 1100 4 0 55
121 509 1 62 7
0 965 3 1 54
295 511 2 102 0
0 963 3 1 53
295 513 2 102 0
0 961 3 1 52
515 520 1 50 46
0 516 1 16 0
489 517 1 65 45
0 518 1 16 47
0 519 1 29 48
0 971 3 4 57
521 534 2 99 0
522 533 2 106 0
523 532 2 107 0
524 530 2 62 0
525 402 2 102 0
526 122 2 5 0
527 307 2 130 0
528 306 2 131 0
529 305 2 132 0
218 304 2 133 0
531 409 4 1 78
301 409 4 15 78
0 985 3 0 65
0 985 3 0 64
0 535 1 15 49
439 589 2 77 0
0 537 1 12 50
294 538 2 120 0
0 957 3 2 50
0 540 1 30 51
0 955 3 1 49
0 952 3 0 48
0 952 3 0 47
0 952 3 0 46
0 952 3 0 45
0 952 3 0 44
0 952 3 0 43
0 952 3 0 42
0 952 3 0 41
0 952 3 0 40
0 952 3 0 39
0 952 3 0 38
0 952 3 0 37
0 952 3 0 36
0 952 3 0 35
556 584 2 83 0
557 554 2 85 0
558 553 2 86 0
559 552 2 87 0
560 551 2 88 0
561 550 2 89 0
562 549 2 90 0
563 548 2 91 0
564 547 2 92 0
565 546 2 93 0
566 545 2 94 0
567 544 2 95 0
568 543 2 96 0
569 542 2 97 0
570 541 2 98 0
571 536 2 119 0
572 514 2 26 0
573 512 2 38 0
574 510 2 58 0
575 508 2 37 0
576 504 2 17 0
577 500 2 46 0
578 498 2 21 0
579 496 2 14 0
580 494 2 13 0
581 493 2 49 0
582 492 2 25 0
583 488 2 40 0
295 314 2 102 0
0 950 3 1 34
0 948 3 0 33
0 948 3 0 32
0 945 3 0 31
0 936 3 0 25
590 597 2 100 0
591 595 2 34 0
592 594 2 101 0
593 438 2 11 0
0 987 6 0 66
0 987 3 0 67
440 596 2 80 0
0 936 3 2 26
0 598 1 50 52
0 599 1 29 48
0 959 3 7 51
601 595 2 34 0
0 1101 4 0 68
0 603 1 1 3
0 0 0 2 0
591 605 2 100 0
0 606 1 1 3
0 0 0 2 0
521 608 2 99 0
0 609 1 1 3
0 0 0 2 0
611 612 1 98 53
0 488 1 40 0
0 613 1 1 3
0 0 0 2 0
615 616 1 97 54
0 492 1 25 0
0 617 1 1 3
0 0 0 2 0
619 620 1 96 55
0 493 1 49 0
0 621 1 1 3
0 0 0 2 0
623 624 1 95 56
0 494 1 13 0
0 625 1 1 3
0 0 0 2 0
627 628 1 94 57
0 496 1 14 0
0 629 1 1 3
0 0 0 2 0
631 632 1 93 58
0 498 1 21 0
0 633 1 1 3
0 0 0 2 0
635 637 1 92 59
0 636 1 26 0
0 516 1 16 47
0 638 1 1 3
0 0 0 2 0
640 641 1 91 60
0 500 1 46 0
0 642 1 1 3
0 0 0 2 0
644 645 1 90 61
0 504 1 17 0
0 646 1 1 3
0 0 0 2 0
648 649 1 89 62
0 508 1 37 0
0 650 1 1 3
0 0 0 2 0
652 653 1 88 63
0 510 1 58 0
0 654 1 1 3
0 0 0 2 0
656 657 1 87 64
0 512 1 38 0
0 658 1 1 3
0 0 0 2 0
660 662 1 86 65
0 661 1 26 0
0 520 1 50 52
0 663 1 1 3
0 0 0 2 0
665 667 2 85 0
666 536 2 119 0
295 314 2 102 0
0 668 1 1 3
0 0 0 2 0
670 673 1 84 66
671 539 1 63 0
0 672 1 5 0
0 886 3 0 5
0 674 1 1 3
0 0 0 2 0
556 676 2 83 0
0 677 1 1 3
0 0 0 2 0
679 680 1 82 67
670 555 1 84 0
0 681 1 1 3
0 0 0 2 0
683 723 2 81 0
684 586 2 82 0
685 585 2 83 0
686 555 2 84 0
687 554 2 85 0
688 553 2 86 0
689 552 2 87 0
690 551 2 88 0
691 550 2 89 0
692 549 2 90 0
693 548 2 91 0
694 547 2 92 0
695 546 2 93 0
696 545 2 94 0
697 544 2 95 0
698 543 2 96 0
699 542 2 97 0
700 541 2 98 0
701 539 2 63 0
702 536 2 119 0
703 514 2 26 0
704 512 2 38 0
705 510 2 58 0
706 508 2 37 0
707 504 2 17 0
708 500 2 46 0
709 498 2 21 0
710 496 2 14 0
711 494 2 13 0
712 493 2 49 0
713 492 2 25 0
714 488 2 40 0
715 486 2 5 0
716 314 2 102 0
717 307 2 130 0
718 306 2 131 0
719 305 2 132 0
720 304 2 133 0
721 220 2 73 0
722 301 2 62 0
93 117 2 145 0
0 724 1 1 3
0 0 0 2 0
726 728 2 80 0
727 945 6 1 30
683 587 2 81 0
0 729 1 1 3
0 0 0 2 0
731 737 1 79 68
671 732 1 63 0
0 733 1 30 51
121 734 1 62 7
0 735 1 42 69
121 736 1 62 7
0 943 3 4 29
0 738 1 1 3
0 0 0 2 0
740 745 2 78 0
741 744 2 79 0
742 732 2 63 0
743 672 2 5 0
0 940 6 0 27
0 940 3 0 28
0 746 1 1 3
0 0 0 2 0
439 748 2 77 0
749 750 1 1 70
0 595 1 34 0
0 0 0 2 0
752 754 2 76 0
740 753 2 78 0
0 934 3 0 23
755 758 1 1 70
0 756 1 34 0
740 757 2 78 0
0 934 3 2 24
0 0 0 2 0
760 767 1 75 71
0 761 1 41 0
762 763 2 76 0
740 753 2 78 0
755 764 1 27 72
439 765 2 77 0
749 766 1 59 73
0 932 3 4 22
0 768 1 1 3
0 0 0 2 0
770 773 1 74 74
0 771 1 42 0
489 772 1 65 45
0 930 3 1 21
0 774 1 1 3
0 0 0 2 0
776 777 2 73 0
93 117 2 145 0
0 778 1 1 3
0 0 0 2 0
780 784 2 72 0
781 783 2 75 0
782 761 2 41 0
0 921 6 0 18
0 921 3 0 19
0 785 1 1 3
0 0 0 2 0
787 791 2 71 0
788 790 2 74 0
789 771 2 42 0
0 919 6 0 16
0 919 3 0 17
0 792 1 1 3
0 0 0 2 0
794 797 1 70 75
0 795 1 28 0
671 796 1 63 76
0 917 3 1 15
0 798 1 1 3
0 0 0 2 0
800 807 1 69 77
671 801 1 63 0
0 802 1 30 51
0 803 1 18 78
0 804 1 42 69
805 806 2 73 0
93 117 2 145 0
0 915 3 4 14
0 808 1 1 3
0 0 0 2 0
810 816 1 68 79
671 811 1 63 0
0 812 1 30 51
121 813 1 62 7
787 814 2 71 0
780 815 2 72 0
0 913 3 4 13
0 817 1 1 3
0 0 0 2 0
819 830 1 67 80
820 829 1 68 0
821 828 1 69 0
822 827 1 70 0
823 824 1 63 0
671 795 1 28 0
0 825 1 30 51
826 813 1 62 81
121 803 1 18 0
0 910 3 0 12
0 910 3 0 11
0 910 3 0 10
0 831 1 1 3
0 0 0 2 0
833 835 1 66 82
819 834 1 67 0
0 908 3 0 8
836 839 1 1 70
0 837 1 34 0
819 838 1 67 80
0 908 3 2 9
0 0 0 2 0
489 841 1 65 45
0 842 1 1 3
0 0 0 2 0
102 844 1 64 5
0 845 1 1 3
0 0 0 2 0
671 847 1 63 76
0 848 1 1 3
0 0 0 2 0
121 850 1 62 7
0 851 1 1 3
0 0 0 2 0
853 866 2 61 0
854 865 2 8 0
855 863 2 66 0
856 834 2 67 0
857 829 2 68 0
858 828 2 69 0
859 827 2 70 0
860 824 2 63 0
861 795 2 28 0
862 672 2 5 0
0 866 4 0 141
864 837 2 34 0
0 1102 4 0 2
0 866 3 0 1
0 867 1 1 3
0 0 0 2 0
869 123 5 120
870 129 5 127
871 129 5 169
872 196 5 194
873 129 5 197
874 205 5 203
875 207 5 206
876 213 5 211
877 409 5 407
878 509 5 508
879 530 5 520
880 530 5 607
881 734 5 733
882 736 5 735
883 813 5 812
884 813 5 825
885 850 5 849
0 301 5 0
887 732 5 730
888 732 5 739
889 732 5 751
890 732 5 756
891 732 5 761
892 796 5 795
893 801 5 799
894 811 5 809
895 824 5 818
896 824 5 832
897 824 5 837
898 847 5 846
899 824 5 852
0 539 5 0
901 104 5 101
902 118 5 117
903 844 5 843
0 414 5 0
905 517 5 516
906 772 5 771
907 841 5 840
0 491 5 0
909 863 5 852
0 835 5 0
911 830 5 818
912 838 5 837
0 834 5 0
914 816 5 809
0 829 5 0
916 807 5 799
0 828 5 0
918 797 5 793
0 827 5 0
920 814 5 813
0 791 5 0
922 815 5 814
0 784 5 0
924 119 5 114
925 136 5 133
926 177 5 169
927 177 5 197
928 777 5 775
929 806 5 804
0 220 5 0
931 773 5 769
0 790 5 0
933 767 5 759
0 783 5 0
935 763 5 761
0 754 5 0
937 589 5 535
938 748 5 747
939 765 5 764
0 600 5 0
941 745 5 739
942 757 5 756
0 753 5 0
944 737 5 730
0 744 5 0
946 596 5 595
947 728 5 725
0 588 5 0
949 723 5 682
0 587 5 0
951 680 5 678
0 586 5 0
953 584 5 555
954 676 5 675
0 585 5 0
956 673 5 669
0 555 5 0
958 667 5 664
0 554 5 0
960 662 5 659
0 553 5 0
962 657 5 655
0 552 5 0
964 653 5 651
0 551 5 0
966 649 5 647
0 550 5 0
968 645 5 643
0 549 5 0
970 641 5 639
0 548 5 0
972 637 5 634
0 547 5 0
974 632 5 630
0 546 5 0
976 628 5 626
0 545 5 0
978 624 5 622
0 544 5 0
980 620 5 618
0 543 5 0
982 616 5 614
0 542 5 0
984 612 5 610
0 541 5 0
986 608 5 607
0 534 5 0
988 605 5 604
0 597 5 0
990 602 5 436
0 594 5 0
992 308 5 293
993 402 5 400
994 404 5 403
995 427 5 425
996 431 5 430
997 434 5 433
998 495 5 494
999 497 5 496
1000 427 5 500
1001 427 5 504
1002 511 5 510
1003 513 5 512
1004 402 5 520
1005 308 5 537
1006 402 5 607
0 314 5 0
1008 502 5 500
1009 506 5 504
0 428 5 0
1011 499 5 498
0 423 5 0
1013 415 5 412
0 422 5 0
1015 410 5 407
0 533 5 0
1017 405 5 400
0 532 5 0
1019 403 5 402
0 398 5 0
1021 366 5 363
0 397 5 0
1023 361 5 358
0 396 5 0
1025 356 5 353
0 395 5 0
1027 351 5 348
0 394 5 0
1029 346 5 343
0 393 5 0
1031 341 5 338
0 392 5 0
1033 336 5 333
0 391 5 0
1035 331 5 328
0 390 5 0
1037 326 5 323
0 389 5 0
1039 321 5 318
0 388 5 0
1041 316 5 312
0 536 5 0
1043 538 5 537
0 310 5 0
1045 315 5 314
0 291 5 0
1047 309 5 308
0 284 5 0
1049 268 5 253
0 283 5 0
1051 251 5 248
0 267 5 0
1053 246 5 243
0 266 5 0
1055 241 5 238
0 265 5 0
1057 236 5 233
0 264 5 0
1059 231 5 228
0 263 5 0
1061 226 5 223
0 290 5 0
1063 221 5 217
0 307 5 0
1065 215 5 211
0 306 5 0
1067 209 5 203
0 305 5 0
1069 201 5 194
0 304 5 0
1071 192 5 184
1072 200 5 199
1073 208 5 207
0 214 5 0
1075 198 5 197
0 182 5 0
1077 167 5 157
0 191 5 0
1079 155 5 151
0 166 5 0
1081 149 5 145
0 165 5 0
1083 143 5 139
0 164 5 0
1085 137 5 133
0 181 5 0
1087 131 5 127
0 180 5 0
1089 125 5 114
0 179 5 0
1091 124 5 123
1092 130 5 129
0 112 5 0
1094 105 5 99
0 111 5 0
1096 97 5 92
0 117 5 0
1098 90 5 87
0 96 5 0
0 969 3 1 56
0 967 3 1 55
0 989 3 1 68
0 866 3 0 2

    1 1 61 8 _ERROR_.-1
    2 1 61 66 ?.0
    3 0 61 system.1
    4 1 62 5 ^.-3
    5 1 63 5 :.-4
    6 1 64 6 %.-5
    7 1 65 7 '.-6
    8 1 66 67 system.1
    9 3 66 66 34 67 *.1
   10 1 67 68 ?.2
   11 1 67 69 ?.2
   12 1 67 70 ?.2
   13 5 68 63 30 62 71 72 Attr.3
   14 5 69 63 30 18 42 73 ConstDecl.4
   15 2 70 28 63 DefineDecl.5
   16 0 71 _EMPTY_.6
   17 1 71 74 ?.-2
   18 0 72 _EMPTY_.8
   19 1 72 75 ?.-2
   20 2 73 145 64 Number.79
   21 2 74 42 65 ExtName.7
   22 5 75 41 76 27 77 59 Descriptor.9
   23 1 76 78 Declarations.10
   24 3 76 76 34 78 +.10
   25 1 77 80 Imperatives.13
   26 3 77 77 34 80 +.13
   27 0 78 _EMPTY_.11
   28 1 78 79 ?.-2
   29 5 79 63 30 62 42 62 Declaration.12
   30 0 80 _EMPTY_.14
   31 1 80 81 ?.-2
   32 1 81 82 ?.15
   33 1 81 83 ?.15
   34 2 82 84 83 LabelInstruction.16
   35 1 83 85 ?.18
   36 1 83 86 ?.18
   37 1 83 87 ?.18
   38 1 83 88 ?.18
   39 1 83 89 ?.18
   40 1 83 90 ?.18
   41 1 83 91 ?.18
   42 1 83 92 ?.18
   43 1 83 93 ?.18
   44 1 83 94 ?.18
   45 1 83 95 ?.18
   46 1 83 96 ?.18
   47 1 83 97 ?.18
   48 1 83 98 ?.18
   49 2 84 63 30 LabelDef.17
   50 3 85 119 12 120 Transaction.49
   51 8 86 26 50 99 15 77 100 50 29 IfImp.19
   52 2 87 38 102 GotoImp.22
   53 2 88 58 102 CallImp.25
   54 2 89 37 62 LabelImp.26
   55 2 90 17 103 PushImp.23
   56 2 91 46 103 PopImp.24
   57 5 92 26 16 65 16 29 CodeImp.29
   58 2 93 21 104 Return.33
   59 2 94 14 102 ExtendImp.27
   60 2 95 13 102 ClearImp.28
   61 1 96 49 PushAll.30
   62 1 97 25 PopAll.31
   63 2 98 40 65 AsmComment.32
   64 1 99 106 ?.36
   65 1 99 107 ?.36
   66 0 100 _EMPTY_.20
   67 1 100 101 ?.-2
   68 2 101 11 77 ElsePart.21
   69 1 102 130 ?.62
   70 1 102 131 ?.62
   71 1 102 132 ?.62
   72 1 102 133 ?.62
   73 1 103 102 AddressList.59
   74 3 103 103 39 102 +.59
   75 0 104 _EMPTY_.34
   76 1 104 105 ?.-2
   77 1 105 64 Disp.35
   78 1 106 62 Conditional.65
   79 3 107 102 108 102 Comp.37
   80 1 108 109 ?.38
   81 1 108 110 ?.38
   82 1 108 111 ?.38
   83 1 108 112 ?.38
   84 1 108 113 ?.38
   85 1 108 114 ?.38
   86 1 108 115 ?.38
   87 1 108 116 ?.38
   88 1 108 117 ?.38
   89 1 108 118 ?.38
   90 1 109 42 EqOp.39
   91 1 110 36 LtOp.40
   92 1 111 53 LeOp.41
   93 1 112 44 GtOp.42
   94 1 113 10 GeOp.43
   95 1 114 55 NeOp.44
   96 1 115 9 InOp.45
   97 1 116 33 OutOp.46
   98 1 117 52 AboveOp.47
   99 1 118 51 BelowOp.48
  100 2 119 102 121 Source.50
  101 2 120 102 122 Destination.51
  102 0 121 _EMPTY_.60
  103 1 121 129 ?.-2
  104 0 122 _EMPTY_.52
  105 1 122 123 ?.-2
  106 1 123 124 ?.53
  107 1 123 125 ?.53
  108 1 123 126 ?.53
  109 1 123 127 ?.53
  110 1 123 128 ?.53
  111 1 124 35 Plus.54
  112 1 125 43 Minus.55
  113 1 126 48 Division.56
  114 1 127 32 Mult.57
  115 1 128 20 Align.58
  116 1 129 57 Reference.61
  117 1 130 73 AddressNumber.63
  118 2 131 62 134 Name.64
  119 4 132 62 45 62 134 Remote.66
  120 5 133 62 24 135 31 134 Indexed.67
  121 0 134 _EMPTY_.68
  122 1 134 136 ?.-2
  123 1 135 140 ?.73
  124 1 135 141 ?.73
  125 1 135 142 ?.73
  126 1 136 137 ?.69
  127 1 136 138 ?.69
  128 1 136 139 ?.69
  129 2 137 54 47 ByteSize.70
  130 2 138 54 56 WordSize.71
  131 2 139 54 23 LongSize.72
  132 1 140 73 IndexNumber.74
  133 2 141 62 143 IndexRegister.75
  134 4 142 73 35 62 143 IndexNumAndReg.76
  135 0 143 _EMPTY_.77
  136 1 143 144 ?.-2
  137 2 144 32 64 Scale.78
  138 0 145 _EMPTY_.80
  139 1 145 146 ?.-2
  140 1 146 43 MinusSign.81
60 StartSymbol
1 -EOF-
2 <<
3 --
4 _EMPTY_
5 _NAME_
6 _KONST_
7 _STRING_
8 _ERROR_
9 inside
10 >=
11 else
12 ->
13 clear
14 extend
15 then
16 code
17 push
18 const
19 {
20 |
21 return
22 '
23 l
24 [
25 popall
26 (
27 do
28 define
29 )
30 :
31 ]
32 *
33 outside
34 ;
35 +
36 <
37 label
38 goto
39 ,
40 asmcomment
41 (#
42 =
43 -
44 >
45 .
46 pop
47 b
48 /
49 pushall
50 if
51 below
52 above
53 <=
54 !
55 <>
56 w
57 []
58 call
59 #)
 117 aboveop
 130 addressnumber
 128 align
 103 addresslist
 102 address
 98 asmcomment
 137 bytesize
 118 belowop
 95 clearimp
 108 compop
 107 comp
 106 conditional
 92 codeimp
 88 callimp
 68 attr
 67 att
 79 declaration
 78 declarationopt
 76 declarations
 75 descriptor
 120 destination
 105 disp
 126 division
 104 dispopt
 101 elsepart
 109 eqop
 100 elsepartopt
 94 extendimp
 74 extname
 72 descriptoropt
 113 geop
 112 gtop
 99 ifexp
 87 gotoimp
 86 ifimp
 81 imperativ
 142 indexnumandreg
 140 indexnumber
 141 indexregister
 135 indexor
 133 indexed
 115 inop
 89 labelimp
 84 labeldef
 83 instruction
 139 longsize
 111 leop
 146 minussign
 145 minusopt
 131 name
 127 mult
 125 minus
 110 ltop
 82 labelinstruction
 80 imperativopt
 77 imperatives
 71 extnameopt
 70 definedecl
 69 constdecl
 64 const
 114 neop
 123 operation
 122 operationopt
 124 plus
 116 outop
 97 popall
 96 pushall
 91 popimp
 129 reference
 132 remote
 121 referenceopt
 144 scale
 143 scaleopt
 136 size
 134 sizeopt
 119 source
 93 return
 90 pushimp
 73 number
 65 string
 63 namedecl
 62 nameappl
 138 wordsize
 85 transaction
 66 systemMARKED
 61 system
